1029
1190
1699
1088
1142
1000
1692
1328
1012
1741
1035
1463
1470
1002
1003
1005
1013
1004
1149
1222
1001
1258
1260
1276
1164
1187
1098
1688
1056
1020
1185
1116
1085
1042
1160
1177
1091
1062
1282
1719
1006
1007
1015
1075
1505
1419
1129
1026
1024
1037
1044
1031
1063
1054
1070
1099
1089
1102
1105
1111
1113
1114
1200
1201
1209
1211
1244
1248
1299
1297
1272
1284
1287
1275
1300
1302
1306
1320
1322
1323
1326
1331
1401
1475
1451
1426
1465
1418
1442
1213
1406
1440
1430
1469
1422
1455
1502
1658
1017
1753
1679
1182
1664
1723
1458
1050
1521
1008
1009
1032
1078
1386
1163
1655
1112
1011
1014
1016
1018
1023
1021
1068
1573
1503
1384
1651
1755
1144
1236
1151
1456
1159
1083
1724
1064
1528
1777
1654
1269
1329
1065
1733
1067
1657
1273
1611
1321
1363
1308
1703
1061
1797
1511
1523
1595
1750
1787
1742
1631
1155
1681
1325
1077
1734
1094
1087
1270
1420
1379
1298
1338
1125
1106
1274
1141
1043
1743
1239
1045
1146
1207
1350
1786
1082
1477
1642
1579
1471
1095
1010
1636
1286
1330
1423
1738
1504
1751
1548
1019
1581
1191
1046
1123
1416
1265
1127
1543
1195
1661
1731
1166
1519
1639
1759
1486
1466
1509
1656
1101
1663
1607
1637
1717
1180
1700
1732
1737
1218
1028
1052
1517
1118
1183
1745
1556
1066
1410
1364
1459
1228
1474
1279
1565
1243
1247
1405
1775
1316
1140
1701
1039
1375
1789
1589
1716
1598
1468
1488
1092
1552
1060
1769
1157
1189
1147
1090
1217
1432
1034
1722
1226
1547
1674
1168
1167
1472
1417
1704
1791
1230
1041
1080
1609
1351
1696
1698
1206
1179
1686
1782
1055
1143
1178
1208
1414
1644
1690
1740
1680
1776
1718
1691
1649
1633
1513
1485
1293
1240
1093
1074
1038
1036
1770
1726
1150
1135
1281
1315
1577
1365
1785
1305
1069
1408
1584
1568
1128
1131
1317
1047
1188
1059
1285
1145
1170
1695
1324
1659
1780
1100
1110
1130
1186
1215
1199
1120
1040
1562
1580
1744
1073
1220
1193
1084
1390
1603
1635
1158
1625
1283
1339
1154
1569
1634
1376
1564
1051
1139
1450
1392
1137
1221
1318
1310
1597
1590
1492
1192
1169
1389
1398
1148
1171
1715
1053
1057
1071
1072
1076
1079
1184
1289
1496
1104
1202
1735
1022
1025
1033
1048
1107
1108
1311
1314
1237
1617
1781
1216
1354
1362
1388
1493
1572
1411
1484
1473
1122
1204
1678
1161
1632
1152
1309
1404
1515
1313
1030
1676
1677
1245
1478
1457
1578
1546
1554
1234
1345
1587
1214
1687
1235
1454
1301
1267
1710
1165
1730
1096
1784
1682
1671
1707
1794
1685
1675
1673
1319
1684
1103
1027
1666
1665
1081
1535
1553
1795
1058
1049
1529
1491
1752
1694
1771
1241
1729
1333
1768
1198
1126
1205
1396
1385
1434
1706
1760
1271
1133
1622
1754
1575
1358
1555
1604
1086
1097
1109
1702
1259
1173
1650
1499
1292
1712
1714
1132
1138
1153
1156
1174
1175
1176
1219
1229
1231
1263
1264
1291
1203
1332
1337
1349
1383
1387
1394
1395
1312
1400
1407
1348
1520
1353
1172
1196
1212
1238
1242
1257
1708
1501
1482
1537
1551
1495
1447
1747
1721
1117
1683
1606
1429
1563
1748
1481
1566
1121
1498
1533
1763
1628
1294
1539
1373
1532
1119
1630
1381
1439
1436
1541
1262
1662
1669
1295
1402
1629
1233
1266
1280
1304
1336
1438
1444
1446
1449
1487
1489
1506
1514
1601
1602
1608
1613
1619
1623
1626
1739
1327
1334
1335
1340
1544
1588
1367
1599
1480
1278
1545
1793
1783
1773
1758
1296
1194
1210
1788
1727
1508
1224
1246
1268
1343
1344
1347
1382
1490
1536
1277
1307
1359
1709
1570
1583
1764
1462
1391
1591
1652
1765
1559
1610
1522
1518
1357
1612
1500
1403
1428
1288
1197
1303
1370
1372
1374
1393
1399
1415
1516
1526
1527
1530
1427
1790
1290
1227
1124
1341
1342
1352
1355
1356
1366
1377
1378
1409
1435
1576
1638
1693
1749
1621
1627
1667
1672
1668
1697
1645
1538
1620
1557
1232
1261
1421
1425
1476
1369
1431
1445
1464
1525
1181
1371
1540
1756
1593
1646
1115
1725
1512
1136
1524
1534
1467
1542
1162
1223
1361
1368
1437
1441
1443
1448
1452
1460
1461
1479
1497
1507
1510
1582
1600
1605
1614
1615
1616
1640
1641
1689
1705
1711
1713
1397
1412
1549
1558
1561
1571
1647
1653
1660
1720
1728
1757
1778
1779
1767
1586
1225
1380
1453
1483
1494
1531
1134
1346
1413
1424
1360
1433
1618
1624
1648
1736
1761
1792
