16
2
28
46
63
43
15
3
373
377
481
483
485
486
488
489
490
494
495
496
498
470
500
504
506
510
512
515
525
526
527
474
475
477
472
478
479
528
4
5
9
29
32
36
144
145
117
106
110
165
168
164
38
171
172
128
175
176
89
163
177
178
78
181
40
182
187
45
233
115
209
66
82
74
113
80
81
119
54
188
134
57
122
107
257
194
328
84
125
217
77
92
334
47
161
313
269
331
251
68
131
302
126
94
139
346
14
70
340
86
157
322
324
183
148
123
368
366
365
370
303
378
379
318
291
356
330
380
381
382
383
386
259
184
266
262
231
247
357
393
394
395
398
399
400
402
403
405
407
223
252
309
412
418
419
420
422
423
64
249
431
432
437
438
440
446
449
450
458
462
447
21
156
85
301
55
241
284
390
221
213
214
185
582
191
62
533
569
589
590
547
565
545
567
614
467
608
616
562
534
222
239
580
150
289
300
352
611
253
624
574
603
597
544
287
676
629
332
315
540
558
653
632
354
329
648
333
362
339
363
277
593
298
552
274
665
227
225
355
538
673
535
232
669
522
647
685
459
335
278
351
353
600
517
561
667
681
160
579
555
686
688
288
317
294
703
706
707
305
281
700
466
645
689
516
553
682
583
347
570
671
656
675
541
542
711
692
