1
2
3
8194
8195
6
8196
8197
40964
40965
13
14
15
16
40973
40974
40975
40976
40978
40979
40980
30941
40981
40982
40983
40984
40985
33
34
35
36
37
38
39
40
41
48
49
53
39088
58
59
60
39089
39090
39091
72
73
75
76
77
83
39094
85
39095
39096
8293
8294
8295
8296
8297
39098
39099
110
111
112
113
114
115
116
117
8303
8304
8305
8312
8306
41083
41090
132
133
134
135
41092
8344
41112
8347
41115
160
161
162
163
164
165
166
41128
41129
41130
171
172
173
41132
175
176
177
178
41137
41138
41141
183
184
185
41143
41145
41146
41147
41148
41151
41152
41153
41154
41155
41156
41159
45630
41162
41165
41169
41171
213
41173
41176
41177
224
225
226
227
232
233
234
235
236
237
238
239
41194
41195
41197
41198
41199
41200
41202
249
41224
41225
41226
8462
8463
39738
41245
8488
33078
33079
33080
33081
33082
41274
41276
41277
41278
41279
41280
41281
41283
41284
326
327
328
329
330
41286
41287
41288
8526
8527
41289
41290
8530
339
340
341
342
8531
8532
8533
8534
41298
41299
41300
8542
8543
8544
41304
41305
41306
41307
357
358
359
360
8549
8550
8553
8554
365
366
8555
8556
8560
33129
41344
8580
8581
8582
8583
8584
8585
8586
395
396
397
398
399
400
40394
41354
41356
405
406
407
408
409
8606
8608
8609
8610
8611
8612
8613
8614
8620
8621
8623
8625
434
435
39164
8631
8632
441
39165
445
452
453
454
455
39169
465
39170
39171
39172
482
39173
39174
39175
8696
41482
523
524
525
41483
8719
41484
41485
41486
41487
41488
41497
41498
41499
41501
41502
41506
557
41521
41527
41528
41530
41531
41533
41534
41535
41536
41537
579
580
581
582
583
584
585
586
41540
41542
8784
594
595
596
597
8789
8792
8793
8794
8800
8820
41597
41598
41599
640
641
642
643
644
645
646
41600
648
649
650
651
652
653
654
655
656
657
658
659
660
661
662
8847
8848
8849
8853
8854
8855
8856
8857
8858
8859
8860
8866
8867
8868
677
8869
41640
8876
8877
8878
8879
8880
8881
8882
8883
8884
8885
8886
8893
8894
8895
8896
8897
8899
8900
8901
8902
8968
8969
8970
8972
8973
8979
8980
8981
8983
8984
8985
8986
8994
8995
8996
807
808
809
810
811
812
813
814
9002
819
820
821
822
823
824
825
826
831
832
833
837
838
839
840
841
842
843
844
845
846
847
848
849
860
863
864
865
9064
9065
876
877
880
33650
883
884
885
33651
33652
33653
890
891
892
893
894
895
896
897
898
9083
9084
9085
9087
9088
9089
9091
9092
33666
33669
33670
910
911
912
33672
33673
924
9117
9118
33696
9121
9122
9123
9124
933
934
9125
33697
9131
9132
33708
33709
33710
9136
33711
9138
33712
33713
33714
33715
33717
33718
33719
954
955
956
33720
33722
33723
960
961
962
963
964
9153
9154
9155
9156
33730
33735
33737
33738
33739
33740
9167
33741
45627
33746
33747
33748
33750
9175
984
985
986
987
988
989
990
991
992
993
994
995
996
997
998
999
1000
1001
1002
1003
1004
1005
1006
1007
1008
1009
1010
1011
1012
1013
33774
9213
9214
9215
1028
46834
1043
33814
33815
33816
33817
33819
33820
33821
1060
1061
1062
1063
33839
33840
33841
33842
1076
1077
1078
1079
1080
1081
1082
1083
1084
1085
9279
9282
9283
9284
1093
1094
1095
1096
9289
9290
9291
1100
9292
9293
9294
9295
9296
9298
42078
1120
42081
1122
1123
1125
42089
33898
9323
9324
1133
1134
1135
1136
1137
9328
9325
1140
1141
1142
1143
1144
9332
9333
33906
33907
33913
1150
33914
33915
39305
1155
1156
1157
1158
1159
1160
1161
1162
1163
1164
1165
1166
1167
1168
1169
9359
33939
33940
33941
33942
33943
33944
1177
9369
9370
33947
1181
33948
1183
1184
33950
33951
33958
9384
33963
33964
33965
33966
9391
9392
9393
9394
9395
33967
9397
9398
33968
33973
33974
9402
9405
1215
1216
1217
42197
42204
1251
1252
1253
1254
1259
1260
1261
1262
9451
1264
1265
1266
1267
9452
1283
1284
1285
1296
42257
42260
42261
42262
1303
1304
42263
1307
1311
1312
1313
1314
9510
1319
9514
9515
9516
9517
9530
34111
42306
42307
42308
1351
34121
34122
34123
34124
34126
1360
1361
1362
1363
34128
34129
34130
34132
34136
1369
1370
1371
34137
34138
34139
34141
9570
9571
34147
9573
34148
34149
34150
34151
34152
34153
9609
9610
9611
34199
1433
1434
1435
1436
9653
9655
1464
1465
9656
9657
9658
1469
1470
1471
1472
9663
9666
1475
1476
1477
9667
9668
9669
34243
34244
34245
34246
34247
34248
9679
1488
9680
34249
34250
9684
9685
34258
34259
34260
1500
1501
34283
34284
34285
34287
1520
34288
34297
1530
1533
1540
1541
34308
34309
1544
34312
34313
1547
34315
34316
34317
42506
42507
42515
1564
42529
42530
34339
42533
1575
1580
9772
34349
34350
34351
34352
1586
34356
34359
1596
9789
9790
9791
9792
34366
34367
34369
34370
42559
42571
42572
42573
34383
1616
1623
1638
1639
1643
1644
9837
1647
42609
9844
1653
9845
9846
9849
9851
9853
9854
9855
9856
9857
9869
9870
9871
9873
9875
9877
9885
9886
9887
9888
9889
9890
42655
42657
9894
9898
9899
9900
42666
42671
9912
9914
9916
9917
9919
9920
9921
1735
9956
9957
9958
9959
9961
39434
39435
42779
42785
41071
10036
10037
10038
10039
41072
10045
10046
10047
10055
10074
10079
10080
10083
10084
10089
10112
10125
10126
10131
10133
10134
42914
42938
1986
1987
2002
2005
2006
2007
2009
2028
2029
2030
2031
2032
42997
2038
2039
2040
2043
43008
2052
2053
2054
43012
43013
43014
43015
2064
43027
43029
2074
2075
2076
2077
2078
2079
2080
2081
2082
2083
2084
10276
43037
21582
10283
10286
21583
2099
21584
2101
10293
2106
2107
2108
2109
2110
2111
43080
43081
43082
43083
43084
43085
31359
2128
2129
2130
2131
2132
31360
43091
43093
43094
43095
2146
2147
2148
2149
10339
10340
10342
10343
10350
10351
10352
2161
2162
10354
10353
46843
10358
2171
2181
2182
2183
2184
2185
2186
2197
2199
2205
2206
2207
2208
2209
2210
2211
2212
2214
2215
2216
2217
2218
2219
2220
2221
43179
2223
2224
2225
2226
2227
2228
2229
2230
2231
2232
2233
2234
2235
2236
2237
2238
2239
2240
43199
2255
2256
2257
2258
2259
2261
2262
2263
2264
2265
2267
2268
2269
2270
2274
2285
2342
2343
2345
10557
10562
10563
39550
39551
39552
39553
39554
39555
39556
39568
39569
39570
39571
10714
10715
10716
23303
23304
23305
43598
43599
31462
43606
43607
43608
43609
43610
43611
10845
43612
43613
43614
36902
2667
2668
2669
2670
2686
2687
2688
2689
2690
2702
2703
2704
2705
2710
43671
43672
43673
43674
43676
2717
2718
43677
43678
43679
43680
43681
2724
43682
43683
43684
43685
43686
2730
43687
43688
43689
43718
43719
43720
43721
43722
43723
43724
43725
2785
43752
43757
43758
43762
43780
43781
43782
43783
43793
33128
43834
39652
39653
39654
39655
39656
39657
39658
39659
39660
41291
39663
41292
39664
41293
39665
41294
41295
41296
41297
41301
41302
41303
39678
11217
39679
41308
39680
43993
41309
39681
41310
39682
41311
39683
41312
39684
44016
41313
39685
44020
35830
39686
44022
35833
35834
46199
35836
35837
35838
35839
35840
35841
35842
39687
44031
35846
35849
44042
3083
35851
35852
35853
35854
35855
35857
35858
35859
35860
44048
44060
44064
44065
39696
35885
35886
39697
44090
44092
44100
44106
44108
3151
3152
3153
3154
3155
3156
3157
3158
3162
35931
35932
35933
35934
35937
35938
35940
35941
35942
35943
35944
39709
39710
44168
44172
39717
39718
21808
39719
21809
39720
39721
39722
21812
39723
21813
41352
39724
21814
39725
21815
39726
21816
39727
44230
39728
39729
39730
36074
21824
36075
36076
36077
36078
21825
36079
36080
39735
39736
21826
44278
39737
36088
36090
36091
3324
36092
36093
36094
36096
36097
36098
36099
36100
36101
36102
36103
36104
36105
39739
36109
36110
36111
36112
36113
36114
44312
44315
44316
44317
44318
44323
44325
39755
39756
39757
36192
36202
36203
36206
36246
36247
36248
36249
36250
36251
36252
36253
36254
36257
36258
36259
36260
36267
36268
36270
36271
36276
36279
8840
3520
3521
3522
8841
3532
3533
3534
3535
3536
3537
3538
3539
3540
3541
3542
3543
3544
3545
3551
3552
3553
39783
3555
3556
3557
3560
36336
36337
36338
36339
36341
36342
36343
36344
36345
36346
36347
36349
36350
36351
36352
36353
36354
36355
36356
36357
36358
36359
36360
21890
21891
36426
21894
44619
44620
44626
44627
44628
21896
44633
44635
44636
44644
39810
44648
44650
39811
11885
44652
11887
11888
39812
39813
36474
39814
36476
36480
36482
36483
36484
36485
36486
36487
44688
44689
44690
11924
11925
11926
11927
11928
36502
44692
44694
44698
44700
11943
11944
11945
11946
11947
11948
11949
11950
11951
11952
44721
11954
11956
11957
11958
11959
44726
11962
11963
11965
11966
11967
11968
11969
11973
44741
11978
11979
11980
11982
11983
11984
11985
11986
11987
11988
44751
44752
44759
11992
11993
11994
44760
44762
44763
11998
44769
36578
36579
44786
44795
44796
44821
44825
44826
44827
44828
44829
44840
44842
44843
44844
36658
36661
36662
36665
36666
44859
44879
44881
44882
44883
36701
36702
36706
12131
12132
12133
12134
12135
12136
44909
44910
36719
36723
36724
36725
44917
36728
12153
12154
12155
12156
12157
36733
36734
12160
12161
12162
12163
12164
12165
36736
44928
20360
20361
20362
20363
36746
36747
44941
44943
36754
44946
20380
20381
4000
4001
4002
4003
20385
20388
12198
12199
12200
4009
4010
4011
4012
12201
4014
12202
12203
12204
12205
12211
12212
12213
12214
12215
12216
12217
12218
12219
12220
12224
36801
12238
12239
12242
12243
4056
4057
20440
4059
20442
20444
20445
20446
4064
4065
4066
4067
4068
4069
4070
20448
20450
4076
4077
4078
4079
4080
20463
20464
20465
45036
45037
12278
12279
36856
4094
4095
4096
4097
12294
12295
12301
12302
12304
12305
12306
12307
12308
20500
12311
12312
36893
36894
36895
12320
12321
12322
12323
12324
36896
36897
12327
12328
12329
12330
36898
36899
28717
12334
12335
36907
12337
36911
12339
36912
12341
12342
12343
12344
36913
36915
12347
12348
12349
12350
20540
12353
12354
36931
36932
36933
12358
12359
12360
12361
36934
36935
36937
12365
12366
36938
36939
36940
36941
36942
36943
36947
36948
12375
12376
36949
36950
36951
4188
4189
12380
12383
36958
36959
12386
12387
12388
12389
12390
12391
36960
36962
36963
12395
36964
28781
28782
12400
12401
12402
12403
12404
36978
36979
36981
20600
20602
4221
4222
4223
12414
12415
37000
37001
37002
37003
37004
12430
37009
37013
4247
37016
37021
37022
37026
37027
37028
43180
4262
43181
37043
37044
37045
12470
37046
37047
37048
37049
37050
37053
12478
37054
37055
28871
20680
28872
20682
20684
20685
20686
37084
12513
12516
37094
12519
37097
37098
12524
28909
28910
37101
37103
28913
28916
28917
37108
45301
45303
45305
37114
37115
37116
37117
37118
37119
37120
45307
37122
37123
37124
37125
45309
45317
45321
12570
12571
37148
37149
4383
37151
37152
37153
37154
37155
37156
37157
37158
37160
28969
28970
28971
28972
12589
28973
37161
37163
20785
20786
37164
37165
37166
28982
45376
45377
28997
4422
4423
28998
29001
29002
45388
4430
4431
29010
4435
4436
4437
4438
4439
12638
29027
12644
4458
12652
29039
4464
4465
4466
12656
12659
29040
29041
29042
29043
29044
29048
29049
29050
45430
12671
45441
4484
4487
4488
4489
4490
45448
45449
45453
45455
4500
4501
4502
4503
4504
4505
4506
4507
4508
4509
4510
4511
4512
41601
41602
4515
4516
4517
4518
4519
41603
41604
41605
41606
41607
4542
4543
4544
4545
20927
4547
20928
20929
20930
4551
4552
4553
20931
4558
4560
4561
4562
4588
4589
4590
4591
4592
4593
4594
4595
29172
4597
41618
41620
12794
45563
45565
12801
12802
12803
12804
41622
12807
12809
21004
12813
12814
12815
30227
45580
41625
45581
4635
41627
45597
45598
12837
21030
21031
12840
12841
41629
12843
12844
12845
12846
12847
4656
12848
4658
4659
4660
4661
4662
4663
4664
4665
12854
12855
12856
12857
12858
12860
45626
4673
4674
12865
12866
4677
12869
12870
45643
12876
4686
4687
21077
45655
45656
45657
45658
45660
45676
12914
45685
45686
45695
45696
45697
45698
12931
12937
12944
12947
12949
12950
12951
4760
4761
4762
4763
4764
4765
4766
4767
4768
12969
12970
12971
12972
12973
12974
12975
21163
21164
12978
12979
12980
12981
12982
12983
12984
12985
12986
12987
4796
12988
12990
12991
12992
21180
36775
29391
21200
29395
44920
13013
29397
44923
13029
13030
13031
36786
13049
13050
13051
13052
37639
37640
37641
37642
37643
37644
37645
37646
37647
13072
13073
13074
13075
37648
13077
13078
13079
13080
13081
13082
13083
4898
13093
13102
13104
13105
13106
45875
45876
45878
13112
13118
13119
13120
13129
13130
13131
13132
13133
13134
13139
13140
13142
13143
13144
13148
13150
13151
13152
45926
13159
13160
13161
13162
13163
45929
13166
13167
13168
13169
13170
21360
45938
45939
13174
13175
13176
13177
13179
13188
45969
45974
13209
45978
45981
45982
45983
45984
45994
45995
13230
45999
13233
46004
13249
13250
21460
13269
21461
21462
21480
21481
13291
44976
13295
13296
13297
13298
13299
13300
13301
13302
13303
13304
13305
13306
13307
21500
21501
13310
21502
13312
13313
13314
13315
13317
13318
13319
13320
13321
13322
13323
13324
13325
13326
13327
13328
13329
13331
13336
13337
13338
13339
13340
13341
13342
13343
13346
13347
21540
13350
13351
13363
13364
13365
21560
13376
13377
13383
13386
13387
13388
13389
13390
13391
13392
13393
13394
13395
13396
21581
13398
13399
13400
13401
13402
13405
13406
13407
13408
13409
13411
13412
13413
13414
13415
13416
13417
13418
9180
13419
13420
13421
13422
9181
13423
46186
46195
21620
21621
21622
13431
13432
13433
21623
21624
46196
46197
21630
46198
9184
13441
13442
13443
21632
21633
21634
46207
13448
13449
9186
21645
21646
13455
13456
21647
21649
21650
13463
13464
13467
13468
13471
13473
13474
21666
13476
13477
13478
13479
13480
13481
21667
13485
13490
13491
13492
13493
13494
13495
13496
13497
13498
13499
13500
13501
13503
13505
13506
13507
13508
13509
13510
21703
21704
13513
13514
13515
13516
13517
21705
21706
13524
13525
13527
13528
13533
13534
46304
46306
13539
13540
13541
13542
13543
13544
13545
13546
13547
13548
46314
46317
46318
13553
46324
13559
13560
13561
13562
13563
46328
13565
13566
21758
13568
46330
13570
46333
46334
46335
46339
13575
13576
13577
13578
13579
46340
46356
13590
13591
13593
13594
13595
13596
13597
13598
21787
21794
21795
21796
13605
13606
13607
13608
21797
13610
13614
13616
13617
13618
13619
13620
13621
13622
13623
13624
13625
13626
21810
21811
13629
13630
13631
13632
13633
13634
13635
13636
13637
13638
13639
13640
13641
13642
13643
13649
13650
13651
13652
13653
13654
13655
13659
13660
13661
13662
13663
13664
13665
13666
13672
13673
13674
13676
13679
13680
13681
13682
13688
13689
13690
21881
21882
21883
21884
21885
21886
21887
13698
13699
13700
13701
13702
13703
13704
13705
13706
13707
13708
13709
13710
13711
13712
13713
21898
21899
21900
33661
33662
33663
33664
21920
21940
13749
13750
13751
21941
33671
13769
13770
13771
30174
30175
30176
30177
30178
13795
13796
13797
13817
13824
13830
13837
13838
13839
30222
30223
13842
30224
13844
13845
13846
13847
13848
22041
30226
13851
13852
30229
13855
13856
13857
13858
13859
30241
13861
30242
30244
13864
13865
13866
13868
13869
13870
22061
22062
22064
22065
22066
13876
13877
46654
13889
13890
46659
46660
46661
13894
13895
13896
13897
30278
30280
30281
46668
13902
30290
13907
30291
30292
30293
30298
30299
30300
30301
13921
13922
13923
13924
13927
13928
13929
13930
13931
13932
39304
30325
30326
30327
30328
30329
30330
30331
30332
13949
13950
30333
30334
30335
36965
22149
22150
22151
22152
22153
22154
30342
30343
30344
30346
30347
13975
13979
13980
13981
13982
30364
13984
13985
30366
30367
30368
13989
30369
30370
22198
22199
22200
30401
30402
30403
30404
30408
46799
46801
14034
14035
14036
14037
14038
14039
14040
46804
14042
14043
14044
46805
46808
46816
46817
46819
46820
46831
46832
30450
30451
30452
14069
14070
14071
14072
30453
30454
30455
30458
30459
30460
14079
30461
30462
30463
30464
30465
30467
30468
30470
30471
30472
14090
30473
30474
30476
30477
30478
30479
30480
46858
46859
46861
46864
14102
46867
46868
46873
46874
46877
46879
14113
46885
46892
46894
46898
46900
46903
46906
46907
46913
46915
46922
46924
46925
9327
46928
30545
30547
46931
46937
46939
30557
46943
30562
46948
46949
46951
46954
46955
22380
22381
46967
46969
33759
22438
22439
38832
38833
38834
38838
33771
38839
38840
38841
22460
22461
22462
22463
33772
38844
38845
38846
38847
38848
38851
38852
38853
38854
38855
38858
38860
38861
22482
47071
38883
38884
38885
22502
22503
38886
38887
38888
38889
47076
47082
47083
47085
47086
47089
47091
22521
22522
47097
47098
22525
22526
22527
22528
22530
22532
22534
30729
30731
22540
22541
22542
22543
22544
22545
22546
22547
22548
22549
22550
22551
38927
38928
22554
38930
22556
22557
22558
22559
22560
14369
22561
22562
22563
22564
22566
22567
38950
38951
38952
38955
38956
22573
30766
30767
38957
38960
38961
38962
38963
38967
38979
38980
38981
38982
22600
38993
38994
38995
38996
38997
38998
38999
39000
39003
39004
39005
39006
14436
14437
14438
14439
14441
14442
14443
14444
14445
39017
39018
39019
14449
14450
39020
14452
14453
14454
39022
39023
39024
14458
14459
14460
14461
14462
39039
39040
14465
39041
39042
14468
22660
22661
22662
22663
22664
22666
22667
22668
46838
39054
39055
39056
46840
22680
14489
22681
30872
39066
39067
39068
39069
22688
39070
39071
39072
39073
39075
39076
39077
39078
39079
39080
46844
22700
22701
22702
30892
14512
14513
14514
14515
14516
14517
14518
14519
30896
30897
14522
30902
14524
14525
14526
14527
14528
14529
39097
14531
14532
39100
46850
14536
22730
22731
14540
14541
14542
14543
14544
14545
22732
14547
14548
14549
14550
14551
14552
14553
14554
14555
14556
14557
22741
22742
14560
14561
22753
14563
22754
22755
22756
14567
22757
22758
22762
22763
22764
22765
22766
32203
22768
39157
22780
14589
14590
14591
14592
14593
14594
14595
14596
14597
14598
14599
14600
14601
14602
14603
14604
14605
14606
14607
14608
39189
14616
14617
22809
22810
39195
39196
39197
39198
31008
31009
31010
31011
22820
14629
14630
33844
31017
31018
31022
39216
32219
22840
22841
14653
39232
14657
39233
39235
39236
32222
39237
39241
14666
14667
22860
39242
39243
39244
39245
39246
39247
39248
39249
39250
39251
39252
39258
39259
39260
39261
39262
39263
39264
39265
39266
39267
39270
39271
39272
39273
39274
22900
39284
39285
22903
22904
22905
39286
39287
39288
39296
39302
39303
22920
14729
14730
22922
22923
22924
22925
22926
22927
22928
22929
39309
39312
39322
39323
22940
14749
14751
14752
14753
14754
14755
14756
14757
14758
31138
39335
14762
14763
14764
14765
14766
14767
14768
14769
22960
22961
22962
22963
22964
22965
39346
39349
22980
22981
14790
22982
14792
14793
14795
14797
14798
39376
14801
22996
14805
14806
14807
14808
14809
14810
22999
23000
23001
23009
39394
23011
23012
14821
23013
23014
14824
14825
23015
23016
39397
39400
40395
14831
14832
40396
23026
23027
23028
14837
23029
23030
14840
14841
39419
39420
14848
14849
14851
31236
39428
39429
39431
39432
14857
14858
14859
14860
14861
14862
14863
14864
23056
14866
14867
14868
14869
14870
14871
14872
23057
14876
14877
14878
39455
39456
39457
39458
39459
40407
39461
39462
39463
39464
39465
39466
39467
39468
40409
39470
39471
39472
39473
39474
39475
39476
39477
39478
39479
39480
39482
39483
14908
14909
14910
14911
39484
14913
39485
39486
39488
14917
39489
39490
39499
39502
14929
14930
39505
39508
39509
39510
39511
39512
33905
39513
39514
23132
39517
39518
23135
23136
39519
39520
39521
23140
23141
23142
23143
23144
23145
39522
39523
39526
39527
39528
39529
39530
39531
39532
39535
31348
39538
39541
31351
23160
31355
14972
14973
14974
31356
14976
31357
14978
31358
14980
14981
14982
14983
14984
14985
14986
14987
14988
23180
39557
39558
14992
14993
14994
39563
39564
39565
14998
39566
39567
15001
15002
15003
15004
15005
15006
15007
15008
15009
39021
15012
23209
23210
23211
23212
23213
23214
23215
23216
23218
23219
15029
23223
15032
23225
23226
23227
23228
23229
23234
23235
39624
39625
39626
39627
39628
39629
39630
39631
39633
39634
39635
39636
39637
39638
39639
31448
31449
31450
31451
31452
31453
31454
39640
39641
39645
39648
39651
31460
23269
31461
23271
23272
23273
23274
23275
23276
23277
23278
23279
31463
15089
15090
15091
23282
23283
23285
23286
23287
15097
23288
15099
15100
39670
39671
15103
39673
39674
39675
39676
39677
15109
15110
15111
15112
15113
15114
15115
15116
15117
15118
15119
15120
15121
15122
15123
15124
15125
15126
15127
15128
15129
15130
39698
39699
39700
39701
39702
39703
39704
39705
39706
39707
39708
15142
15143
39711
39714
39715
39716
23340
23341
15150
23343
15152
15153
23344
15155
15156
15157
15158
15159
15160
15161
23345
23346
39731
39732
39733
39734
23360
23361
23362
23363
23364
39740
39741
39742
39743
39744
39746
39747
39748
39749
39750
15183
39751
39752
39753
39754
23380
23381
23382
39758
39759
39760
39761
39763
39768
39769
39770
39774
39775
39776
39777
15203
15204
15205
15206
15207
39778
23401
23402
23403
39779
39780
39781
39782
15216
39784
39785
39798
39799
39800
39801
15226
39802
39803
15229
15230
15231
39804
39805
39806
15235
39807
39808
39809
15239
15240
23433
15242
15243
15244
15245
15246
15247
39815
39816
39817
39818
39819
39820
39821
39828
15257
15258
39835
39836
23461
23462
23463
23464
23465
15274
15275
23466
23467
23469
23470
23471
23472
23473
23474
23475
23476
23477
23478
31667
15293
23502
23505
15317
15318
15319
31701
31702
31703
31704
15324
15325
15326
23520
23522
23523
15332
15333
23524
23525
23526
23527
31752
15391
15392
15393
32198
32199
32200
31831
31832
31833
31834
31835
31836
39690
32201
15492
31881
15500
44930
15519
15520
15529
15530
15531
15532
15536
15546
15547
31932
31940
40165
40182
40183
15612
32002
38925
32005
32006
32007
38926
32009
40202
32021
32022
32023
38929
32025
32026
32027
32028
32029
40223
38931
32036
32037
32038
38932
32040
40229
32042
32043
38933
15661
38934
32051
32052
15669
15670
15671
32053
40243
38937
38938
38939
38940
40275
40300
40303
40306
40307
40308
40312
40313
40314
40316
40318
40320
40321
40323
40327
44932
40329
32145
45467
32156
15774
15775
32158
32159
32161
15792
15793
32183
32184
32185
32186
32187
32188
32189
32190
32191
32192
15809
15810
15811
15812
15813
32193
32194
15816
32195
32196
32197
15820
15821
15822
15823
15824
15825
15826
32202
15828
9659
32205
32209
15832
15833
9660
15834
32214
32216
32217
9661
15839
15840
32218
15843
9662
15845
15846
15847
15851
15852
40428
15854
15855
15856
32239
24050
40429
15862
15863
15870
15871
15872
15873
24073
15889
15890
15891
40472
40473
40474
40475
15900
40476
40477
40478
40479
40480
40481
40499
40503
40505
40508
40510
40516
40517
40518
40519
40520
40521
40522
40523
24140
40525
40526
32335
40528
40530
32340
32341
32342
40533
40534
40536
40537
40539
40540
40541
40542
40543
40544
40548
40550
40551
24171
40569
40570
40572
40573
40574
24196
24197
40591
40593
40594
40595
40596
40597
40598
24215
40599
40600
40601
40602
40603
40604
40605
40606
40607
40610
40611
40612
40613
40630
40631
22733
22734
24270
32463
32464
24273
22735
24274
32465
32466
32467
22736
22737
22738
24289
24290
24291
24292
22739
24293
24294
24295
24296
24299
24300
24301
24302
32486
24304
24305
40686
24307
24308
24309
24310
40688
40689
40690
22743
40691
40692
40693
40694
22744
40695
40696
40697
40698
40699
40700
40701
40702
40703
40705
40706
40707
40708
40709
40710
40711
40712
40713
40714
40715
40716
24341
40717
40718
40719
40720
40721
30893
32552
32553
32554
32555
32556
32557
32558
32559
32560
32561
32562
32567
32568
32569
32570
40768
40769
40770
40771
40772
40773
32582
32583
40774
32585
40775
40776
40777
40778
40779
40780
40781
40782
40783
40784
39043
40785
40786
40789
40790
30903
40793
40794
40795
40796
30904
40797
40798
32612
32616
32619
40813
40814
32623
40815
40816
40817
40818
40819
40820
40821
40822
40823
40825
32636
32637
40828
40829
40830
40831
40833
40834
40836
32645
40837
40838
40839
40840
40841
40842
40843
40844
40845
40846
40847
40848
40849
40850
8112
8113
40883
40886
40887
40888
22781
40889
40905
8141
40916
8149
32735
8167
8168
21165
