1
2
3
6
13
14
15
16
33
34
35
36
37
38
39
40
41
48
49
53
58
59
60
72
73
75
76
77
83
85
110
111
112
113
114
115
116
117
132
133
134
135
160
161
162
163
164
165
166
171
172
173
175
176
177
178
183
184
185
213
224
225
226
227
232
233
234
235
236
237
238
239
249
326
327
328
329
330
339
340
341
342
357
358
359
360
365
366
395
396
397
398
399
400
405
406
407
408
409
434
435
441
445
452
453
454
455
465
482
523
524
525
557
579
580
581
582
583
584
585
586
594
595
596
597
640
641
642
643
644
645
646
648
649
650
651
652
653
654
655
656
657
658
659
660
661
662
677
807
808
809
810
811
812
813
814
819
820
821
822
823
824
825
826
831
832
833
837
838
839
840
841
842
843
844
845
846
847
848
849
860
863
864
865
876
877
880
883
884
885
890
891
892
893
894
895
896
897
898
910
911
912
924
933
934
954
955
956
960
961
962
963
964
984
985
986
987
988
989
990
991
992
993
994
995
996
997
998
999
1000
1001
1002
1003
1004
1005
1006
1007
1008
1009
1010
1011
1012
1013
1028
1043
1060
1061
1062
1063
1076
1077
1078
1079
1080
1081
1082
1083
1084
1085
1093
1094
1095
1096
1100
1120
1122
1123
1125
1133
1134
1135
1136
1137
1140
1141
1142
1143
1144
1150
1155
1156
1157
1158
1159
1160
1161
1162
1163
1164
1165
1166
1167
1168
1169
1177
1181
1183
1184
1215
1216
1217
1251
1252
1253
1254
1259
1260
1261
1262
1264
1265
1266
1267
1283
1284
1285
1296
1303
1304
1307
1311
1312
1313
1314
1319
1351
1360
1361
1362
1363
1369
1370
1371
1433
1434
1435
1436
1464
1465
1469
1470
1471
1472
1475
1476
1477
1488
1500
1501
1520
1530
1533
1540
1541
1544
1547
1564
1575
1580
1586
1596
1616
1623
1638
1639
1643
1644
1647
1653
1735
1986
1987
2002
2005
2006
2007
2009
2028
2029
2030
2031
2032
2038
2039
2040
2043
2052
2053
2054
2064
2074
2075
2076
2077
2078
2079
2080
2081
2082
2083
2084
2099
2101
2106
2107
2108
2109
2110
2111
2128
2129
2130
2131
2132
2146
2147
2148
2149
2161
2162
2171
2181
2182
2183
2184
2185
2186
2197
2199
2205
2206
2207
2208
2209
2210
2211
2212
2214
2215
2216
2217
2218
2219
2220
2221
2223
2224
2225
2226
2227
2228
2229
2230
2231
2232
2233
2234
2235
2236
2237
2238
2239
2240
2255
2256
2257
2258
2259
2261
2262
2263
2264
2265
2267
2268
2269
2270
2274
2285
2342
2343
2345
2667
2668
2669
2670
2686
2687
2688
2689
2690
2702
2703
2704
2705
2710
2717
2718
2724
2730
2785
3083
3151
3152
3153
3154
3155
3156
3157
3158
3162
3324
3520
3521
3522
3532
3533
3534
3535
3536
3537
3538
3539
3540
3541
3542
3543
3544
3545
3551
3552
3553
3555
3556
3557
3560
4000
4001
4002
4003
4009
4010
4011
4012
4014
4056
4057
4059
4064
4065
4066
4067
4068
4069
4070
4076
4077
4078
4079
4080
4094
4095
4096
4097
4188
4189
4221
4222
4223
4247
4262
4383
4422
4423
4430
4431
4435
4436
4437
4438
4439
4458
4464
4465
4466
4484
4487
4488
4489
4490
4500
4501
4502
4503
4504
4505
4506
4507
4508
4509
4510
4511
4512
4515
4516
4517
4518
4519
4542
4543
4544
4545
4547
4551
4552
4553
4558
4560
4561
4562
4588
4589
4590
4591
4592
4593
4594
4595
4597
4635
4656
4658
4659
4660
4661
4662
4663
4664
4665
4673
4674
4677
4686
4687
4760
4761
4762
4763
4764
4765
4766
4767
4768
4796
4898
8112
8113
8141
8149
8167
8168
8194
8195
8196
8197
8293
8294
8295
8296
8297
8303
8304
8305
8306
8312
8344
8347
8462
8463
8488
8526
8527
8530
8531
8532
8533
8534
8542
8543
8544
8549
8550
8553
8554
8555
8556
8560
8580
8581
8582
8583
8584
8585
8586
8606
8608
8609
8610
8611
8612
8613
8614
8620
8621
8623
8625
8631
8632
8696
8719
8784
8789
8792
8793
8794
8800
8820
8840
8841
8847
8848
8849
8853
8854
8855
8856
8857
8858
8859
8860
8866
8867
8868
8869
8876
8877
8878
8879
8880
8881
8882
8883
8884
8885
8886
8893
8894
8895
8896
8897
8899
8900
8901
8902
8968
8969
8970
8972
8973
8979
8980
8981
8983
8984
8985
8986
8994
8995
8996
9002
9064
9065
9083
9084
9085
9087
9088
9089
9091
9092
9117
9118
9121
9122
9123
9124
9125
9131
9132
9136
9138
9153
9154
9155
9156
9167
9175
9180
9181
9184
9186
9213
9214
9215
9279
9282
9283
9284
9289
9290
9291
9292
9293
9294
9295
9296
9298
9323
9324
9325
9327
9328
9332
9333
9359
9369
9370
9384
9391
9392
9393
9394
9395
9397
9398
9402
9405
9451
9452
9510
9514
9515
9516
9517
9530
9570
9571
9573
9609
9610
9611
9653
9655
9656
9657
9658
9659
9660
9661
9662
9663
9666
9667
9668
9669
9679
9680
9684
9685
9772
9789
9790
9791
9792
9837
9844
9845
9846
9849
9851
9853
9854
9855
9856
9857
9869
9870
9871
9873
9875
9877
9885
9886
9887
9888
9889
9890
9894
9898
9899
9900
9912
9914
9916
9917
9919
9920
9921
9956
9957
9958
9959
9961
10036
10037
10038
10039
10045
10046
10047
10055
10074
10079
10080
10083
10084
10089
10112
10125
10126
10131
10133
10134
10276
10283
10286
10293
10339
10340
10342
10343
10350
10351
10352
10353
10354
10358
10557
10562
10563
10714
10715
10716
10845
11217
11885
11887
11888
11924
11925
11926
11927
11928
11943
11944
11945
11946
11947
11948
11949
11950
11951
11952
11954
11956
11957
11958
11959
11962
11963
11965
11966
11967
11968
11969
11973
11978
11979
11980
11982
