122880
1
2
3
122882
122883
122884
122885
122886
40964
122888
122889
122890
122891
14
15
16
122892
122894
122895
122896
122897
122898
122899
122900
122901
122902
122903
122904
122906
122908
122910
122911
33
34
35
36
37
38
39
40
41
122914
122916
122918
122919
122920
122922
48
49
114737
122923
122924
122926
122928
122930
90163
122932
58
59
60
90164
122936
65599
122938
90171
122940
90172
122942
114757
114758
114759
65608
72
73
75
76
65613
77
114760
122951
122954
122956
83
122958
85
90191
122960
122961
122962
122963
122964
122965
122966
122974
122975
122976
122977
122978
122979
122980
32567
122982
122983
122984
122986
122988
110
111
112
113
114
115
116
117
122990
122992
41072
122993
122996
122998
90231
90232
90233
123002
123000
123004
123001
123006
132
133
123008
123010
123011
123012
123013
123014
123015
90248
123016
123018
123020
123022
123024
123026
123028
123029
123032
8344
123034
8347
123036
163
164
165
166
172
173
90286
175
176
177
178
183
184
185
41146
91217
41147
41148
41149
41151
41152
41153
41154
41155
139452
90311
90314
139468
90317
90320
90323
213
41173
224
225
226
227
139488
232
98537
98538
98539
98540
233
98542
234
235
236
237
238
239
98543
127049
127050
249
127051
123142
98570
123146
123148
123149
123150
123152
13080
123154
123155
123158
123160
123161
123164
41245
123166
123167
123170
123172
123174
123176
123178
123180
123181
123184
123186
123187
33078
123190
139575
123192
123193
123194
123196
127063
123198
123199
123200
127065
123202
123203
326
327
328
329
330
123206
123210
123211
123212
123213
123214
123215
123216
339
340
341
342
123217
123218
123219
123220
123221
123222
123223
98654
98655
123224
123226
123227
123232
123233
357
358
123236
360
33128
123238
123239
123244
365
366
123246
123247
123248
123249
123250
123251
123252
123253
123254
123256
123257
123258
125383
123264
123265
123266
123267
123268
123269
123270
127079
123272
123273
123274
123275
123276
123277
123278
399
400
123279
123282
123283
123284
405
406
407
408
409
123285
123286
131484
131485
131486
131487
131488
131489
131490
131491
131492
131493
131494
131495
131496
131497
123297
123298
123302
123303
123306
123307
123308
123309
123310
123311
123312
123314
123316
123318
123320
441
123321
123322
123324
123325
123326
127089
123328
123329
90562
90563
90564
453
454
455
123332
127092
123333
127094
125387
482
127100
127104
523
524
525
8719
98837
98841
98842
98843
98844
115226
127108
90657
127110
123431
123432
123433
123435
123436
115245
115246
115247
123437
123439
123440
123441
115252
98869
98870
98871
115256
115253
98874
98875
98876
98877
98878
98879
115255
41528
123449
123451
123453
115269
123454
583
584
585
586
115275
123459
123461
123463
123465
123466
123467
115282
115283
115284
594
595
596
597
115285
123473
123474
123475
98909
98910
98911
98912
123481
8793
123483
123484
123485
123486
123487
123488
123489
123490
123491
123493
139877
123495
123496
123497
139881
123499
123501
123502
123503
123504
123505
123506
123507
123508
123509
8820
123511
123512
123513
640
641
642
643
644
645
646
115334
648
649
650
651
652
653
654
655
656
657
658
659
660
661
662
115350
115352
115353
115345
123542
123543
115357
123544
8857
8858
123547
8859
123551
123552
677
123549
8866
8867
123555
8869
123557
123558
123559
123563
123560
123565
123561
123566
123562
123569
123571
123572
123573
123574
123575
123576
66235
123577
123578
123579
123580
123581
123583
123585
123586
123587
123588
123589
123590
123591
123593
123594
123595
123886
123597
123598
123599
123887
123601
123602
123603
123888
123605
90837
123607
123608
123609
123610
123611
123612
123613
123614
123615
123617
123618
123619
123620
123621
125520
57145
8984
8985
8986
123674
123676
123678
123679
123680
123682
8994
8995
8996
123684
807
808
809
810
9002
123692
813
814
123690
123694
123696
123698
819
820
821
822
123695
123702
123697
90936
123706
123707
123708
123710
831
832
833
123712
123713
123714
837
838
839
123716
123718
123719
123720
123717
123722
123724
847
848
849
123725
123726
123727
123728
123730
123731
123732
123729
123734
90967
860
123736
123737
123738
90968
865
123740
123742
123743
123744
123746
123748
123750
123752
9064
9065
90986
90988
880
890
891
892
893
894
895
896
897
898
33666
9091
33669
9092
9088
9087
91016
91017
91018
910
911
912
107412
127134
924
91036
91037
33696
33697
82858
107435
107436
107437
107438
107439
107440
107441
33714
33717
33718
33720
954
955
956
91067
960
961
962
963
964
9153
9156
33735
82889
123850
82891
123854
9167
123856
123855
33746
123860
33750
123862
984
985
123866
986
987
988
989
990
991
123864
123865
123868
9180
997
998
999
1000
1001
1002
1003
1004
1005
1006
1007
1008
1009
1010
1011
1012
1013
66550
66551
66552
66549
66548
123890
123894
123895
123896
123897
123898
123900
123901
123902
1028
123903
123904
123905
91137
123908
123909
123910
123911
123912
123913
123914
123915
123916
123918
1043
123919
123920
123921
123922
123923
123924
123925
123926
123930
123931
123932
123934
123935
123936
91167
123938
123939
123940
1062
1063
123944
123945
123946
123947
123948
123949
123950
123951
123952
91178
123954
123955
123956
123957
123958
123959
1080
1081
1082
1083
1084
1085
123960
123966
123967
9279
123970
123968
123969
1093
1094
1095
1096
123974
123975
123977
1100
123972
123976
123983
123978
9290
123980
123982
9294
123984
91216
123986
123988
123989
123990
91218
123992
123994
91227
123996
1120
123998
1122
1123
42078
1125
124000
124002
124004
124006
124007
124008
42089
1133
124010
124011
1136
1137
33905
124012
124013
124014
91246
91247
1144
91248
124018
9332
9333
124022
1150
91256
91257
124024
124025
1155
124028
1157
1158
1159
124032
124033
124034
1163
124035
124036
124038
124039
124040
107667
107668
107669
107670
1177
9369
9370
13072
1181
1183
1184
33958
33965
33973
83126
83127
91317
9402
1215
1216
1217
91346
91348
91356
42204
91358
1251
1252
1253
1254
124138
124140
1261
1262
1264
91376
91377
124146
91378
124148
124149
124150
124144
124152
124154
124156
124158
124160
124162
1283
1284
124164
91397
124166
91398
124168
91396
124170
124165
124172
124173
124169
124174
124176
42257
124178
124175
124180
124181
1303
124182
124184
40965
124185
124186
124188
124190
124192
1314
124194
124196
124198
75047
124200
75049
124202
124204
124206
124207
124208
124209
124210
124211
124212
127266
124214
124215
124216
124218
124220
124221
124222
124223
124224
42306
124227
42307
124228
42308
1351
58690
58694
124232
124230
124234
124236
124238
127271
34128
124240
34130
1362
34132
1363
124242
124244
75093
83289
83290
83291
83292
124246
75095
124248
124249
124250
124252
75101
124254
124256
75103
124258
124020
124259
124260
124261
124262
124263
124264
124266
124267
124268
75116
124270
124272
124274
75122
124023
124275
124276
124278
124279
124280
124282
124284
124285
124286
124287
124288
124289
124290
124292
124293
124294
124296
124297
9609
9610
124298
124301
124300
124302
124304
124305
124306
124308
124029
124310
124309
124030
124314
124316
8849
124318
124320
124322
124324
124326
124327
75177
75178
9653
9655
9656
9657
9658
9659
9660
9661
9662
9663
9666
34243
1476
1477
34246
34247
1475
9668
9669
9679
54027
1488
34258
9680
1500
1501
75232
34287
34288
1530
1533
1541
34312
75274
34315
124428
124429
124432
124434
124435
124442
124443
34339
75300
124456
124457
124458
1580
9772
124462
124463
75313
34356
34359
1596
9789
9790
9791
9792
34369
34370
124494
34383
1616
1623
157272
124508
124510
124511
124516
124518
1639
124522
1643
1644
124524
124525
1647
1653
124534
124538
124548
124574
75445
124604
124610
124614
1735
125382
83687
127067
127068
127662
127069
173873
173884
173885
173894
173895
173896
75596
173905
173906
173913
173915
75619
173930
173931
173951
173952
75672
75673
173990
127726
42938
1987
75724
127728
42997
13432
43008
43012
43013
2064
43029
2074
2075
2076
2077
2078
2079
2080
2081
2082
2083
2084
43037
2099
2101
2106
2107
2108
2109
2110
2111
2128
2129
2130
2131
2132
2146
2147
2148
2149
51322
2171
2181
2182
2183
2184
2185
2186
2197
2199
108696
108697
2206
125086
125087
2209
125088
2211
125089
125090
2214
2215
2216
2217
2218
2219
2220
2221
125099
2223
125102
2225
2226
2227
2228
2229
2230
2231
2232
2233
2234
2235
2236
2237
2238
2239
2240
125121
125114
125116
125117
125118
125120
125127
125122
125123
125124
92357
92358
92356
92359
2255
2256
2257
125130
2259
125132
2261
2262
2263
2264
2265
125138
2267
2268
2269
2270
125142
125144
125145
2274
125146
125148
125149
125150
125151
125152
125153
125154
125155
125156
2285
125157
125158
125159
125160
125161
125162
125163
125164
125165
125166
125167
125168
125169
125170
125172
125173
125174
125175
125176
125177
125178
125179
125180
125181
125182
125183
125184
125185
125186
125187
125188
125190
125191
125192
125193
125194
125195
125196
125197
125198
125199
125200
125201
125202
125203
125204
125205
125206
125207
125208
125209
125210
125211
125212
125214
125215
125216
2343
125217
2345
125218
125219
125220
125221
125222
125224
125225
125226
125227
125228
125229
125230
125231
125232
125234
125235
125236
125237
125238
125239
125240
125241
125242
108859
125244
125243
125245
125248
125249
125250
125251
125252
125253
125254
125255
125256
125257
125258
125259
125260
108873
125262
125263
125264
125265
125266
125267
125268
125269
125270
108885
125272
108894
108895
125273
125274
125275
108892
125276
125277
108900
108903
84331
84332
124226
84374
84375
84388
84389
84390
84391
84397
84398
84399
84400
76219
76220
76221
76222
76223
76224
76225
76226
108990
125374
125375
125376
125377
125384
125378
76227
76228
76229
76230
76231
76232
76233
76234
125386
125390
125391
125388
125389
125396
125398
125400
125404
125405
125406
125408
125409
125410
125411
125412
125413
109026
84455
84456
84457
84458
84459
84460
84461
125416
125418
125420
109037
125422
125423
125424
125425
125426
109039
125428
125432
125434
125436
125438
125439
125440
125441
125444
125445
125446
125448
125449
125450
125451
125460
125461
125462
125468
125470
125471
125474
125475
125476
125477
125480
84521
125482
127751
125484
125485
125486
84527
125487
125490
125491
125492
125493
125494
125495
125496
125497
109121
127752
125512
125513
84557
84558
84559
84560
84561
84562
84563
84564
84565
125518
125519
84568
84569
125521
125522
125524
125528
125529
125530
125534
125536
125540
43621
125542
125543
125544
125545
2668
125550
125552
125554
125558
125559
125560
125562
125564
2686
2688
2690
2702
2703
2704
2705
2710
2717
2718
94977
94978
2724
109222
94979
109225
2730
68276
43757
43758
43762
84729
84730
84731
84732
84733
84734
84735
84736
84739
84740
84741
43780
43781
43782
43783
43793
92955
92956
92974
43834
92986
93017
93047
93048
93049
109445
109446
109447
109448
109450
109451
84879
84880
84881
109455
109456
109457
109458
109459
84889
84890
84891
84892
84893
84894
84895
84896
84897
84898
109466
84909
84910
84911
84912
109485
109490
2224
109500
109501
109502
84931
84932
109519
109520
109521
93146
93147
93148
93149
127737
93157
93158
93159
93160
32568
44020
35833
44026
90162
35842
44040
44042
3083
35857
76854
76855
76856
76857
93247
93248
93249
44108
3154
3158
90181
35934
85089
85090
85091
35940
90182
85094
85095
35944
85096
85097
90183
85100
85101
85102
85104
85105
85106
85107
90192
90193
94887
163558
123870
44230
44234
8794
36078
77043
8800
126196
77045
44278
36088
77047
126198
126199
126202
126203
126206
126207
85248
85249
109824
126208
109826
109823
109828
109827
109830
109831
109829
126217
126218
36109
36110
126219
126220
126223
126225
126227
126229
126232
126233
109848
44315
44316
126237
109854
109855
126239
44317
126240
126243
126238
126245
126246
126247
126248
123874
126251
126253
126256
126260
126261
126262
126265
126267
126268
126271
126272
126274
127676
126277
126278
126279
126280
126281
126282
126283
126284
126285
126286
126287
126288
126289
126290
126292
126293
126295
126296
126297
126298
126299
123876
126302
126303
126304
126305
126307
126310
126313
126315
126316
126319
126325
126326
126328
126329
126330
126331
126332
126334
126335
126336
126337
126338
126339
126340
126341
126342
126343
109957
126345
126346
126344
126348
167309
109964
123878
126350
167313
109966
77200
109968
126355
126356
126359
126360
126361
126362
126363
36253
126365
126366
126367
126369
36258
126370
126372
123879
109992
109995
109996
109997
126383
109999
126385
126386
110001
126388
127698
93622
126391
93623
93624
8840
126400
3522
8841
126403
118216
126409
126410
126411
3532
3533
3534
3535
3536
3537
3538
3539
3540
3541
3542
3543
3544
3545
126419
110037
126424
126427
110043
3551
3552
3553
8847
126428
110046
8848
110049
110052
3560
126436
93671
126440
93672
110055
126439
126445
110061
36337
110062
123882
110064
110063
110067
36343
110068
126451
110070
110071
110072
110074
110075
126460
36352
110076
110078
36355
110079
110081
36358
110084
110085
110087
110088
110091
110092
110093
110102
110105
110111
110114
123884
110117
110120
110123
110126
110129
110130
110131
110132
110134
110135
110136
110137
110138
110140
110141
123885
134719
110142
110143
134722
93761
93762
93763
118342
93764
110147
110145
85578
85579
85580
85581
118350
110152
44619
52817
44620
44621
44622
118357
44623
44625
44626
44627
44628
110164
110167
44633
85598
44635
85600
110176
110177
110178
110180
110181
110182
126567
44648
110184
44650
126569
44652
126571
126570
126568
126574
126573
126576
126577
126578
126579
126581
110191
110197
110201
36474
110198
36476
93821
93822
93823
36480
93824
36482
36483
36484
36485
36486
36487
110208
126598
110214
110216
126601
110217
126603
126604
85648
134801
85650
134803
126606
93841
36502
126610
93843
126612
126613
93842
127744
127745
127746
85668
85669
85670
126630
126632
126633
126634
126635
126636
126637
61103
126641
126642
127749
126645
126646
127750
126648
126649
126651
126652
126653
85694
85695
85696
85697
85698
85699
85700
118467
126655
126656
126658
126659
126660
127753
85711
85712
85713
127757
127758
93921
36578
93922
110310
110311
110312
110313
110314
110315
143095
109853
44795
44796
127765
126746
85793
85794
77605
126764
127774
126768
85810
85811
36658
36661
36662
85815
85813
36665
36666
126788
44879
44881
77651
126804
77653
77658
36701
36702
126817
36706
126825
126831
36723
36724
36725
126839
44924
36733
36734
36736
77697
77698
77701
20360
126860
126862
126863
126864
126865
126866
126867
126868
126869
126870
126871
126872
126873
126874
126875
20380
20381
126876
126877
126878
20385
122912
4003
126881
85925
85926
126882
126885
102313
102314
102315
126886
102317
4014
126888
126890
126891
36786
126894
126895
126896
126899
126900
102328
102329
126901
102331
126902
126903
126904
126905
102336
36801
102338
126906
126907
126908
126909
126910
126911
102345
102346
126914
102348
102349
126917
102351
102352
102353
126921
126923
126924
126925
126926
126928
4056
4057
20440
4059
126931
126932
126934
126935
20448
4064
4065
4067
4068
4069
4070
4066
126943
45033
4076
4080
12294
41521
12295
12301
12302
118799
20500
12311
12312
86045
86046
36895
36896
36897
36898
36899
12320
41527
36902
12324
12327
36907
28717
12334
36911
36912
12335
12337
12339
12344
12347
102461
12350
12353
12354
122944
127043
127044
127045
102471
102472
102473
102474
127047
127048
102477
127054
127055
122946
127057
102481
127059
36947
127052
127053
122948
127056
127058
127060
127061
127062
12375
36958
102494
102495
102496
102497
36963
122950
127077
36965
127071
12383
127073
12386
122952
127075
127076
127086
127078
127088
127080
127081
127082
127083
127084
28781
28782
20600
12400
127090
127091
86140
86141
86142
127103
127095
127096
127097
127099
127101
127102
86150
86151
86152
86153
127105
127106
127107
86157
86158
86159
127111
127112
127113
127114
127116
127117
12430
4247
127120
127121
127122
127123
127124
43179
127125
127126
127127
127128
127129
127130
127131
127132
127133
43181
127135
127136
127137
127138
127139
127140
127141
12470
37048
37053
12478
20685
20686
37084
86240
86241
86242
12513
127203
37094
12519
127207
37097
37098
86250
86251
37101
86252
37103
86253
127212
12524
86259
37108
86261
86260
28910
127217
28913
37114
37115
37116
28916
28917
127224
127225
45305
45307
127228
45309
127230
127235
127237
127240
127239
127242
127243
45317
45319
45321
127247
127248
127253
127256
12570
127259
127262
37151
37152
37153
37154
37155
37156
37157
37158
86311
86312
86313
86314
86315
37164
37165
37166
37163
37160
37161
28969
28970
28971
127276
127278
127280
127284
127285
127288
127290
86332
86333
127291
127292
127301
28997
28998
29001
29002
45390
29010
135510
135512
135513
135514
135515
135516
135517
135518
135519
12638
135521
135522
29027
12644
135525
135526
135527
4458
135531
135530
12652
135534
135535
4464
4465
4466
135538
29039
135541
29040
135543
135544
29041
135546
29042
135548
29044
45429
29048
29049
29050
45441
4484
45445
45448
4490
45453
45455
45456
4503
4507
4509
4510
4511
4512
4517
4518
4519
86440
86442
4542
4543
20927
127422
127423
127425
127428
127429
119238
4551
4552
4553
127430
119243
127431
127434
127437
127438
127441
4562
127442
127443
127445
119254
127447
127448
127452
127453
127457
127458
102883
127460
127461
102886
127462
127464
127466
127467
4588
4589
4590
4591
4592
4593
4594
119283
127468
127469
127470
127473
127474
127475
29172
127476
127478
127479
45563
45565
86528
12801
86530
12802
12807
12809
45580
45581
12813
53780
53783
4635
45597
45598
119334
12840
12841
12843
86572
86573
86574
86575
86576
4656
12844
12846
4665
45626
45627
45630
45631
127552
4673
4674
12865
12866
12870
127562
12876
4686
45655
119384
119385
45656
45657
45658
45659
86622
86623
86624
45660
127579
127582
127598
127599
12914
45685
45686
110032
45698
12931
127620
119429
53893
9083
127622
127623
9084
12937
127626
127624
127628
9085
127627
127631
12944
94865
127634
94866
94867
94868
4760
4761
127636
127635
127641
127639
127643
127638
127640
127646
127650
127647
127644
94881
94882
127649
127651
127657
94885
21163
94886
127655
127656
12969
127658
127660
127666
12973
127668
127661
127663
127664
127665
127667
12978
127669
12981
127671
127672
127673
12985
127675
127677
12990
127679
12988
127683
94915
127688
94916
94917
127685
127686
127689
127690
127691
127692
127693
127694
127695
126211
29391
86742
127697
86744
29395
127700
29397
13013
53983
53987
13029
53991
53995
127723
127724
127725
53999
94958
94959
94960
54003
127729
86773
127730
54007
127731
86777
127734
127739
54011
127741
127735
54015
86784
127738
13049
54019
12365
127740
127743
37639
37640
37641
37642
86795
37643
86796
86797
127759
37644
127761
37645
37646
37647
37648
54035
127767
54039
127760
127763
54043
127764
13077
94997
127768
127769
127770
4898
54051
127771
127772
127773
54055
127776
127778
110066
127780
13093
127781
13102
54063
54067
45876
13112
54075
12376
13118
54079
54083
54087
13129
13130
54091
13131
54095
12380
54099
13139
54103
54104
54105
54106
54107
86876
13152
45924
86885
45926
13159
13160
45929
13163
13169
12387
86900
86901
86902
13174
86910
86911
86912
12390
12395
13230
13233
13249
12404
127961
13291
87023
87024
87025
87026
87027
87028
13297
13298
13302
13305
87034
87035
87036
87037
12414
13310
13312
87041
13314
87044
87045
87046
13317
13320
136201
136202
136203
136204
13322
136209
13331
128027
13340
128029
13339
128031
128032
13346
87076
87077
128036
13351
128039
128044
13363
128052
13365
128059
128060
128061
128063
128065
128071
13383
13386
21581
21582
21583
21584
13389
9175
128079
13393
136288
136289
128098
136291
13411
128099
13409
136296
136297
87146
87147
87148
13416
128107
13420
9181
128112
136306
136307
21620
21621
21622
21623
21624
136312
136308
136315
136313
136314
128119
126416
21632
9184
21634
128125
13441
128129
128131
128130
128132
13448
128136
128138
128137
128140
128141
128142
128152
128154
128155
13467
128156
128157
75105
13473
21666
13476
46245
13485
13490
13491
13494
13495
13499
110146
54463
13505
54466
13506
54469
13510
21703
54472
13513
54475
110149
13517
13527
128225
128226
13539
13540
128231
128232
13543
110155
13553
13559
110158
21758
13568
13575
110161
126444
128275
128277
13590
54553
13594
128286
128287
13605
13610
13614
13621
13622
21815
13629
13636
13639
127213
126458
13652
126459
13655
13659
13663
13676
13679
13688
21883
87420
87421
87422
87423
87424
110185
13698
110186
13703
21898
13707
110187
110188
87442
87443
87444
110189
87449
110190
110193
87492
87494
13769
128114
30174
127219
13795
110205
110206
110207
13817
110210
13824
110211
13830
13837
30222
110213
87572
87573
22041
13851
13856
110218
13864
13868
22062
22064
87602
87603
87604
13877
13894
13902
30298
13921
9282
87663
87664
87665
9283
30325
9284
87673
87674
87675
87676
30329
30332
30342
87693
9289
128661
13975
128663
9291
13980
13981
13982
9292
13984
13985
9293
13989
71342
71344
87733
87734
87735
87743
87744
87745
30401
30408
14034
55041
153348
87813
87814
153352
153356
14102
87833
87834
87835
123292
123294
123295
153390
123296
153393
92367
87899
87900
87909
87910
87911
87919
87920
87921
126566
126572
126575
112552
126580
38858
112587
38860
112593
38883
22521
112636
112637
112643
112644
112645
112646
112647
112648
30729
38925
112654
112655
112656
112657
38931
88083
38937
112666
112667
112668
126600
112669
112670
88099
88100
112675
112676
112677
112678
28909
126602
112683
88109
88110
88111
112686
112690
112691
112692
126605
38967
38979
126608
126609
71770
14436
14443
14449
14454
14460
14465
14468
22662
88198
39054
39066
39067
39073
30892
39088
14512
39090
39091
14516
39094
14519
14522
14524
14528
14529
14532
14536
14547
14553
14557
88288
88289
88290
88291
22756
14560
14567
88308
39157
88309
88310
39165
14589
14591
39169
14595
14598
88328
88329
14602
14606
88338
88339
88348
88349
115254
88359
88360
14653
14657
39246
88406
88407
88408
88409
39270
28972
88426
88427
88428
28973
129393
129397
129403
129404
129405
129406
39296
129409
39302
39305
129417
129420
39309
39312
129425
129428
129430
28982
39322
129434
88476
88477
14749
129441
129442
129443
31138
14757
129446
129445
129448
14765
129455
129456
14768
39346
129458
129459
39349
129468
129471
129472
129475
129479
14792
14793
14795
14797
14798
129487
39376
14801
88532
14805
14806
14807
14808
14809
14810
88540
39394
39397
14821
39400
14841
142977
14857
123442
14861
123443
88596
14869
123444
88601
88602
88603
88604
123445
14876
123446
39457
123447
39463
39466
123448
39472
39475
123450
39478
39484
14908
123452
14910
14911
39490
14917
39499
123455
39502
39505
14930
123457
123458
39526
39529
39538
39541
31351
125092
31358
125093
125094
125095
125096
123468
125097
123469
88726
125098
123470
15002
15005
123471
15009
125100
123472
125101
88747
125103
125104
123476
88760
88761
88762
125105
88764
123477
15032
125106
125107
123479
39624
125108
39627
115339
29043
39630
125109
39633
39636
125110
123482
39639
31448
125111
31451
39645
125112
39648
39651
125113
115344
39654
31460
123688
39657
39660
125115
39663
39675
39678
39681
39684
39687
15112
39690
39696
123494
39699
39702
127272
39705
39708
88862
39711
88863
88864
125126
15142
39723
39726
125128
23344
39729
123500
15153
125129
88885
88886
15158
90937
90938
39741
39744
39747
39750
125133
39753
88905
88906
39756
125134
39759
125135
88915
88916
88917
125136
39768
88925
39774
88926
39777
123510
15203
39780
125139
39783
88935
88937
15216
88945
88946
39798
123514
39801
88955
39804
88957
88956
39807
123515
39810
15235
39813
123517
39816
15240
123518
39819
15246
123519
39828
123520
123521
72608
123523
123524
123525
123526
123527
123528
123529
123530
90966
89034
123531
123532
123533
138200
90969
123534
15324
123535
123536
89065
89066
123537
89068
89070
123538
123539
123541
89098
89099
108890
138256
123545
89108
89109
89110
123546
15391
123548
12366
89125
89128
89129
123553
89148
130108
89150
130113
130114
130115
130118
123556
130123
130125
130126
130131
130134
130141
130147
130149
130150
130157
130166
130167
130173
130175
130179
15492
130180
130181
130184
31881
130185
130186
15500
130188
130187
130191
130193
130194
130195
130197
130198
130200
130201
130203
130204
130205
130206
130207
130209
130212
130214
15529
130219
130220
130221
15536
130230
89273
89274
89275
130233
130237
130239
130240
130242
130244
130245
81096
81097
81098
81099
81100
89293
130253
130250
130256
130248
130258
81109
130262
81115
81116
81118
81119
122083
45432
122087
89340
89341
89342
89343
89344
89345
122112
56579
56580
15612
139876
32009
40202
122125
32027
40223
32036
40229
139883
15661
139884
15669
154936
154942
154943
154944
154949
154953
154954
40275
24289
89442
89443
89444
24291
89451
40300
89453
40308
40314
40316
89472
89473
89474
32145
32156
15774
15775
126880
32161
89515
163243
126883
15792
15793
32183
32188
32192
126887
15811
32197
15816
32201
15820
32205
89551
82928
89553
32209
32214
32218
126892
126893
15846
15847
40428
40429
97772
15854
97776
138737
24050
126897
97780
89591
15863
97784
126898
138747
97788
24073
138768
15900
138783
138813
126912
109002
126913
138825
24140
126915
126916
126918
126919
89701
89702
89703
24171
89711
89712
12949
24196
24197
163460
126927
126929
24215
89752
89753
126930
163484
89762
89763
48805
126933
48810
48819
40630
126936
163510
163512
126937
126938
126939
163527
126940
24270
163534
126941
24273
24274
89811
89812
89813
126942
32464
123686
89821
89822
89823
89824
89825
24290
89826
89827
24293
24294
24292
89828
89829
24295
24296
89830
24299
24301
24302
24304
24305
24307
24308
24309
24310
89849
89861
89862
89863
24341
122665
32553
122667
122669
122670
122671
32558
122673
123704
122675
122676
122677
57142
57143
57144
122679
122681
122682
122683
122685
122686
122684
122687
122689
89921
122691
89922
122693
122688
122695
122697
122699
89932
122701
89933
122703
89931
122705
122700
122707
122708
122709
89941
122711
122713
122715
122717
122718
122719
122721
122722
122723
122725
122726
122727
122728
122729
122730
89961
89962
122733
89963
122731
122737
122738
89971
122739
122741
89974
122743
122742
89977
122740
89980
110693
89983
110695
110696
123723
110698
110699
8112
8113
40905
8141
40916
8149
130249
122846
122848
122850
122851
122852
32559
122854
122856
122858
91176
122860
122861
122862
122863
122864
122865
122866
91177
122868
122870
122872
122873
122874
122875
122876
122878
