833
831
832
84889
84890
84891
84892
84893
89821
89822
89823
89824
89825
90311
90314
90317
90320
90323
89971
89974
89977
89980
89983
54463
54466
54469
54472
54475
84894
89826
84895
89827
84896
89828
84897
89829
84898
89830
39457
39484
39463
39466
39490
12301
86311
86312
86313
86314
86315
86572
86573
86574
86575
86576
54103
54104
54105
54106
54107
87024
87025
87026
87027
87028
65599
65608
65613
97772
97776
97780
97784
97788
53995
53999
54003
54007
54011
24289
24290
24291
24273
84461
88601
88602
88603
88604
66548
66549
66550
66551
66552
52817
85697
85698
85699
85700
86045
86046
85810
85811
84909
91257
91256
75596
89515
75619
76219
76227
76228
76229
76230
76231
76232
76233
76234
75672
75673
75445
75724
89849
75313
90248
90286
72608
94997
71770
89034
75300
75232
75274
89125
61103
71342
71344
94881
94882
108900
108903
39798
37151
41527
24308
2343
988
1002
912
997
16
991
989
990
1009
2730
1013
1010
1011
1012
2724
4247
1063
24140
24050
24270
24073
24171
24293
2285
2197
2199
143095
4517
4674
2225
2219
839
14536
110167
482
4673
172
173
39708
39711
39705
12430
12339
36482
36483
36502
39630
39624
39627
39648
39645
39657
39651
39654
39633
39636
39639
39499
39505
39502
39478
39472
2264
2261
2262
2263
2256
2257
2259
2267
2265
2274
2268
2269
2270
58
59
60
185
183
184
1643
1314
98837
4059
8984
8985
8986
98841
98842
98843
98844
4056
4057
98874
98875
98876
98877
9663
4464
4465
4466
1541
9369
9370
4588
4589
4590
4591
4592
4593
4594
1500
239
232
233
234
235
14519
14757
13485
12519
15661
13575
13340
20927
13655
13639
15816
14529
127961
12914
13568
21632
21634
75
76
77
4542
4543
13102
13494
13499
13559
14606
14460
13877
13411
14528
13420
15669
15612
15324
13830
13902
1100
1006
1003
1004
1005
4076
1096
2171
4665
117
822
126931
131488
126936
126863
126877
131490
126888
126864
131485
126940
131491
126874
126942
126860
126876
126943
126905
34339
33735
15112
36258
32156
36078
34247
32218
36343
31358
34243
32183
12876
14547
12973
20381
13594
15153
20360
15009
22064
14869
13864
12990
13590
13679
13605
14034
13868
14532
15854
132
133
14591
32197
34246
400
399
14841
14930
8866
8867
8869
1735
357
358
360
15216
13769
13622
14876
22662
22521
13921
13553
13291
13539
15002
13393
13230
12570
213
72
73
1137
1351
4635
13365
13331
20686
13824
12870
15005
13837
20380
14861
13659
12801
12802
13139
15492
13688
13851
20448
13159
13610
110079
110184
109824
110181
173884
173905
39660
39663
39687
39690
39696
39702
39699
39675
39684
39681
39678
39741
39744
39747
39723
39726
39729
39774
39777
39780
39750
39753
39756
39759
39783
39768
36723
36724
36725
81109
81115
81116
81118
81119
36733
36734
36736
36661
36662
36665
36666
91317
118357
2229
2345
2186
1653
77651
77653
122858
122886
122882
122860
122976
122977
123034
122966
122898
122892
122926
123463
123619
123620
123473
123467
123563
123543
123544
123461
123491
123481
123579
123583
124266
123152
123024
123016
124180
127649
127655
127641
127694
123306
123307
122667
122693
122695
122681
122669
123435
123527
123528
123485
123589
123585
123469
123595
123742
123743
123724
123730
123682
123736
123696
123746
123998
123617
123884
123885
123924
123925
123966
123967
123898
123678
123920
123921
123948
123949
123621
124028
124029
123513
123514
124032
124033
123431
123710
123533
123534
123936
123984
123698
123752
123970
122691
122942
122918
123674
124206
122890
125124
125258
125106
125186
125202
126902
126924
126908
128036
128061
128063
130253
130212
130237
126290
126346
126329
126316
126283
126286
126350
126307
127664
127647
127661
127673
126603
126658
126645
126598
126642
127599
127582
127552
127598
820
821
2236
41
1125
1122
1123
342
339
340
341
1159
39801
39813
41528
34128
39541
39538
39526
39529
118350
43621
43780
21623
21620
21622
21624
21621
37164
37165
37166
46245
39816
39819
39810
39804
39807
14910
14911
14917
14808
14809
14810
14798
14801
14805
14806
14807
83126
880
3083
36485
36484
39296
39302
39322
119429
12931
14524
153390
153393
15142
14560
12969
23344
36358
37155
37156
37157
9661
9662
1616
525
455
8857
12809
12841
12807
12840
13980
13981
13982
2668
4080
4003
409
2211
3560
3545
8847
1264
1639
9659
9660
8994
8995
8996
1488
3553
3551
3552
651
648
649
650
365
1533
1644
8112
8113
2705
3522
1987
1647
9668
9669
656
652
653
654
655
330
9002
4898
810
807
808
809
1
2
3
9666
2710
4656
8719
1596
9609
2690
2686
2688
9610
865
9167
14
15
586
583
584
585
9332
9333
849
847
848
9091
9092
1261
1262
1476
1477
326
327
328
329
3540
3532
3533
3534
3535
3536
3537
3538
3539
4068
4069
4070
1062
4067
236
237
238
984
985
986
987
9679
9680
9175
1144
860
4490
9153
9156
894
1254
1080
1028
964
960
961
962
963
814
662
657
658
659
660
661
9279
2717
2718
3541
3542
3543
3544
4509
4510
4511
4512
2101
2084
2080
2078
2079
898
895
896
897
2077
405
406
407
408
8858
8859
9789
9790
9791
9792
2181
2182
2183
2184
2185
178
175
176
177
4458
4064
2702
2703
2704
4065
4066
1623
9087
9088
13346
14522
20440
32568
37048
36352
32036
44108
44620
44622
44625
44627
44795
44619
44621
44623
44626
44628
44796
45655
45657
45659
21815
45656
45658
45660
2239
2237
2238
13975
13984
13985
13989
77605
76856
2220
2221
2223
2224
33128
34287
34288
33696
366
33714
33717
33718
33746
33750
2226
2227
2228
837
838
123557
123558
123523
123569
123511
123512
123547
123507
123508
123551
123459
123525
123593
124252
124308
124138
124274
124234
123008
122725
122870
122884
122885
123186
122848
123166
123022
123294
123535
123465
123714
123750
123603
122928
124610
124604
124432
123978
123718
122665
126886
126926
131493
126934
126895
127120
127097
127084
126331
126334
126345
126367
126315
126337
126302
126282
126280
127453
127443
127464
127469
122888
122889
122902
122903
122872
122964
122965
122978
122868
122876
123020
123487
123488
123615
12302
98570
12311
12312
1181
1163
123167
33697
33720
34356
34130
34132
33965
33973
33958
123212
123213
123541
123542
123597
123515
123493
124286
124198
124262
124288
124148
123982
122924
123960
122854
126890
127043
127141
127104
127083
127127
127058
126336
126348
126296
126341
123328
122701
122675
122741
122671
123565
123445
123609
123725
123720
123712
123713
123719
123706
123707
123692
123734
123680
123264
123265
123198
122932
123296
123297
122980
123236
123286
122717
123160
123559
123316
123214
122846
123952
125476
125477
125390
125391
125486
125487
125558
125424
125425
125540
125386
125410
125484
125485
125528
125434
125418
125374
125470
125471
125460
125461
125416
125432
125494
125530
125560
123216
122697
122677
122679
122721
122703
122707
122673
123988
123940
122852
123302
123303
123158
123318
124248
124456
124457
123922
124462
124463
122916
122894
124282
123142
123575
123576
124152
123854
124208
122912
123320
126881
126938
131487
126882
126939
127723
127774
127740
127758
127746
122850
122856
122984
122998
122727
122743
122711
122729
123032
122950
122862
122954
127136
127049
124184
124214
124215
123860
122988
123894
123272
123437
122685
123439
123471
124314
124192
124182
124240
124296
124242
124574
124442
124443
123190
123571
123200
124518
125448
125449
125550
125462
125428
125564
127769
127753
127729
127764
127738
127242
127288
127247
126225
126245
126246
126256
126267
126243
2240
36337
31351
21758
21666
21703
24304
122920
122958
124270
124158
124300
124202
123252
123253
123254
123326
122922
123298
123537
123890
126930
126917
127757
127731
127137
127062
127122
127090
126366
126285
126361
126313
126298
126332
126338
127430
127423
127457
127448
127428
127445
126904
126868
126865
127069
127081
127108
127114
127094
127139
126268
126232
126218
126237
126272
126265
124238
123529
123561
123314
125110
125214
125154
125098
125118
135512
29172
166
9180
9181
122874
122936
122986
123310
123311
123560
123443
123607
124000
124040
123926
123968
123744
123679
123684
123716
123732
124140
124250
124168
124304
124305
124178
124176
124164
124162
124209
123934
123613
126901
126932
126910
126914
126870
131494
126928
126903
126913
126925
127290
127224
127284
126284
126370
126343
126303
126319
126310
126340
126360
126355
127695
127658
127693
126653
126574
135510
135515
126571
135531
126630
135527
126604
126634
126569
126601
126570
126567
123232
123233
123433
123483
123484
123501
123555
123726
124156
124216
124232
123536
123248
123676
123882
123505
123268
34383
38925
38937
38931
39246
39169
34315
38858
39094
43179
43181
39305
39309
39312
39346
39349
39376
39400
39394
39397
39475
39828
123161
123531
123573
123574
123477
123521
135518
135517
122723
122699
123552
123495
123496
123441
123442
123605
123489
123946
123868
123908
124022
123722
36958
34312
122742
123947
124510
124511
122910
123012
123013
122990
122982
122960
122961
122896
122864
123004
43012
43013
122992
122676
122737
122713
123519
123455
123447
124218
124316
124228
124224
2110
2106
2107
123199
123451
123708
123748
123686
123174
123180
123172
123274
123275
122739
122740
123215
122866
123218
123219
124292
124293
123217
123896
123897
122979
127734
127744
127760
127730
127724
127772
127750
127765
123028
123029
122683
122684
122733
123324
123246
123247
123266
123267
122686
122682
123282
123283
127677
126916
126899
126900
131492
122878
124290
123989
123170
123222
123731
122687
123717
123506
123273
123250
123251
122908
122861
122944
122983
123256
123257
123566
124210
123194
123018
123178
125268
125269
125224
125225
125240
122962
122963
123036
125090
125226
125227
125206
125092
125180
126862
126906
126907
127771
127773
2230
2231
2232
2233
2234
2235
122738
122705
124006
123856
124014
123990
123690
123486
123601
123479
123577
28969
28971
28970
1284
956
954
955
8793
15792
15775
37639
37641
37643
37645
37647
36895
37640
37642
37644
37646
37648
37115
36896
36897
36898
36899
36902
36947
36963
36965
37084
37094
37097
37098
108696
108697
4562
109445
109446
109447
109448
109450
109451
109466
4686
4760
4761
36907
36911
36912
37101
37103
37108
37114
98869
98870
98871
102474
102477
102471
48
49
9653
98878
98879
1155
1157
1158
123457
123688
123694
126646
123192
123193
122730
123181
122938
123244
123453
125495
125422
125423
125382
125383
125426
125518
125519
125522
125404
125405
125450
125451
125559
125387
125388
125389
125375
125529
125490
125491
125534
125496
125497
125411
125396
125408
125444
125445
125400
125524
125562
125446
125468
109455
109456
109457
109458
109459
1501
107412
924
646
640
641
642
643
1136
1133
12334
12337
12335
36474
36476
36480
114757
910
911
998
999
1000
1001
1007
1008
115282
112690
112691
112692
122709
123497
123586
123923
124002
124010
124011
123900
123901
123954
123980
123902
124294
124326
123150
123176
123503
123014
125512
125398
125376
1215
1093
1094
1095
30298
30892
30325
30329
30332
12327
12347
12375
12376
12395
32464
32009
31881
12294
12295
15774
37152
37153
37154
37158
37161
37160
37163
42204
42257
42306
42307
42308
118342
110
111
112
113
114
115
116
21898
14465
28782
28717
28781
88747
88761
88764
89341
89343
33
34
35
36
37
38
39
40
4503
102494
102495
102496
102497
122940
122948
122956
123026
123220
123454
123504
123587
124244
124278
124272
124236
127111
127253
127272
127278
127239
127126
127132
127130
126326
126279
126342
126299
126356
126281
127692
127663
127667
127660
127651
127622
127700
127665
127628
126568
126612
135514
126655
126649
126635
135544
135546
126576
126633
30342
30174
29397
29395
29391
30222
30408
33078
33669
122906
122996
123482
123474
123588
123532
123490
123539
123475
123476
123556
123580
123611
124024
124025
124036
123888
124008
123223
123202
123203
123002
123154
123155
123329
123226
123227
122946
122900
123950
123951
123944
123945
123976
123878
122914
123862
122863
249
523
524
123006
122899
122883
122851
122930
122897
122974
123599
123740
122901
124614
122880
124428
124429
122923
124548
123292
124434
124435
127096
127075
127082
127134
127045
127056
127125
127063
124534
127140
126365
126362
126289
126325
126305
127626
127690
127672
123470
123517
123518
123618
123590
123591
123509
123549
124166
124263
124318
124298
122719
125250
125208
125168
125169
125238
125212
125116
125117
125228
125229
125174
125244
125192
125193
125274
125184
125132
125148
125220
127743
127292
127225
130206
130220
130242
130233
126292
126359
126372
126419
126386
126416
126445
126427
127478
127437
127470
127466
127452
127431
127458
127441
127434
126293
126328
123322
123916
123972
123727
123738
122689
124160
124320
125136
125114
125120
125242
45580
45581
45597
45626
45630
45598
45627
45631
24274
24294
24292
24196
24296
24341
24299
24197
24295
24301
24307
24215
24310
112593
24309
124324
124149
124146
124246
124150
125552
125554
125492
125493
125480
125544
125545
125378
125406
125536
125230
125264
125194
125195
125088
125266
21582
21583
21584
21581
43781
43782
43783
30729
12400
30401
39088
38979
39066
39067
81099
81100
43757
43758
43762
43834
44881
122891
122951
122993
39090
39091
112646
56580
123468
123499
123321
123284
123285
123581
123737
123932
123903
123969
123986
123886
123887
124034
124035
123956
123910
123911
123870
123610
124038
124039
123930
126935
126875
126866
127113
127067
127124
127091
127079
127061
127047
127116
127259
127291
135521
135535
123196
122718
123864
123938
123939
123876
123458
123449
123450
123578
124264
125377
126891
131495
127212
127217
127266
127228
127237
127203
129456
129403
129420
129471
129430
126295
126369
126335
126330
126277
127623
127679
127671
127634
127467
127447
127476
127422
127468
127474
123865
124020
124007
124018
123728
124172
124173
124249
124256
123466
123935
123994
123904
124494
124188
123258
126911
126896
127768
127778
127770
127080
127262
127230
126610
126606
126656
123224
123545
127735
127745
127071
127101
127135
127112
127105
127052
127121
127235
127271
127285
128138
128155
128119
130108
130150
135525
126573
126579
127442
127425
127429
123436
123502
122722
123874
123974
124012
124013
123702
126923
126918
131484
127073
127053
127048
2064
1150
123184
123249
2108
2109
53987
58690
85248
36701
36702
36578
36658
12843
12844
12846
76220
76221
76222
76223
76224
76225
76226
109854
109855
54087
53780
88596
87041
86784
1363
1362
13029
14512
2209
2206
15811
13416
14653
13856
1580
9655
1043
4507
2149
40229
122975
122904
123238
123239
123704
124284
124258
124310
124170
127128
127102
127656
127683
127697
126577
126581
126578
135548
126636
126651
126659
135538
126613
127462
123206
122715
124220
124267
124222
123164
123146
124154
126871
126885
126894
127078
127060
128065
128029
128107
126274
126239
129446
129475
129425
129468
129443
130149
130200
130126
130256
130230
130203
130245
130240
130214
130239
130207
135526
126641
127460
126411
126383
126400
126385
126391
126403
126440
126460
127620
127562
127579
87046
93764
85670
88083
94887
128663
86902
88428
87604
91178
85600
91398
90233
89453
88917
87745
85815
89753
84881
88111
85650
91348
88310
86624
91358
89863
88360
93843
89703
90183
87911
86159
86530
87835
89553
84741
86261
86912
88957
87735
89813
89150
87444
123325
128044
128098
128079
128052
128027
128071
128031
128114
128032
129397
83687
41146
41147
41148
41149
41151
41152
41153
41154
41155
41173
154936
57145
77045
57143
57144
77043
57142
76857
77658
154949
75177
77047
76854
44879
1251
1252
1253
12513
12638
13510
13160
13163
13636
13129
13077
13448
13389
86876
86442
86440
86885
86773
86777
139877
41072
139883
40965
40905
41521
139881
40964
139884
36801
42938
109490
453
454
41245
40916
139876
112683
109500
109501
109502
112678
115269
44234
9289
9290
9291
9292
9293
9294
8848
75122
44648
44650
44652
45390
45563
13339
9402
12353
12344
2099
2255
2132
1120
37116
890
891
892
893
8794
8800
8820
8840
8841
4484
1085
2218
83
85
33905
12354
1183
1184
1283
1475
136203
109957
136202
9064
9065
102348
136204
108892
110693
136209
109966
136201
110696
102336
136297
136296
115350
136291
109999
136288
115353
136289
42078
42089
39270
15820
13476
13112
12866
13473
13491
15391
13527
15863
21163
15536
15235
15529
13169
13707
13698
14553
12524
14657
14908
136306
136307
136308
136315
136312
136313
136314
138825
138783
138813
138256
138200
138737
138747
138768
1530
644
645
12404
8141
12386
8344
12383
12390
12387
12350
28913
28909
28910
28916
12324
12320
163
164
165
12365
12366
8149
12380
8347
9184
2128
2129
2130
2131
15203
12937
13894
14768
14589
13386
13629
13495
14436
13795
14595
13506
13703
13118
13490
13441
14516
15240
81096
81097
81098
224
225
226
227
48810
51322
2074
2075
2076
1303
39073
43793
1216
1217
4551
4552
4553
45033
126839
126804
126768
126831
126746
56579
154942
154943
154944
75178
77200
76855
154953
154954
53783
88532
87037
86796
108990
84931
58694
85249
109002
84932
48819
48805
119384
119385
1177
115275
112636
112637
597
44278
12652
9282
9283
9284
54553
53893
55041
594
595
596
44230
45876
45685
45686
45698
44315
44316
44317
87077
66235
87076
14602
13432
13249
14468
14749
15847
15793
108859
32027
32188
112552
35944
36088
118799
112587
12644
20600
14102
14857
15500
20500
13676
12478
819
13072
14557
1081
1082
1083
1084
126253
126206
126223
126220
110032
24305
24302
126202
126207
126233
126240
126198
127123
127065
127076
126208
126262
126260
126248
126251
126196
2146
2147
2148
2081
2082
2083
109823
110046
109830
110061
109826
813
92357
93822
84910
85695
94866
85579
86140
87422
87919
88289
87663
88407
85793
93147
90967
89472
93047
85089
93622
93247
89273
94958
90837
87147
88863
93623
86241
89762
85101
89293
90163
89443
85090
93248
90563
85100
89274
89473
93048
94959
85094
93157
87034
86250
86150
85104
87673
94915
93761
91216
93671
91246
90936
90191
90657
88338
88328
87602
87442
89961
87743
90986
89451
84739
88935
88426
173913
91346
86622
87044
88864
86797
91018
173915
89933
88937
86623
89932
87603
85926
91177
173873
94886
88359
85669
87045
89702
91017
89962
93763
84880
86260
86333
87674
86158
89752
93842
87834
89862
90232
94978
85712
87910
88956
90182
86911
84740
89812
173895
86901
87734
88110
91397
88309
88427
173990
87443
89109
87744
91377
88916
90562
88862
89442
87146
90162
93823
93148
92358
94867
84911
86141
87664
85696
88290
85580
87920
90968
88408
87423
93049
93249
86242
93624
85091
89444
89474
89275
90164
90564
85102
94960
87148
89763
88329
88339
94885
87909
173894
89861
87492
88308
85598
86528
91356
91396
88955
90181
87833
87733
85711
86157
89931
91176
128661
86259
91378
89963
86744
86240
93841
86900
89551
86742
89811
89108
173896
92955
93158
85105
85095
86251
86151
87035
91016
86332
94979
86795
89701
88915
85925
89148
84879
85713
88406
94865
90966
89065
87693
92356
88198
85694
93146
89941
93821
88288
87023
89591
85578
85106
86152
87675
93159
85096
87036
86252
93762
91376
90231
85668
87494
85648
88109
85813
90988
173930
88348
173951
94977
89110
86910
90937
93672
91217
94916
91247
90192
94917
91248
90193
90938
91218
173885
173931
88349
173952
173906
92974
85794
90969
94868
87424
86142
85581
92359
88409
88291
84912
87921
93149
87665
93824
93017
92986
4518
4519
86153
93160
87676
86253
85097
85107
123270
123855
123983
123958
123148
123308
123309
123295
123000
122952
123729
123992
123850
123723
124538
124508
124196
124522
124458
123612
124516
123975
124302
123572
123931
123278
123914
123915
124260
125474
125475
125384
125409
125438
125439
125482
125440
125441
125513
125542
125412
125413
125520
125521
127749
127763
127107
127099
127044
127133
127106
127207
127219
127280
127301
127243
127276
128152
128136
128154
128125
128129
128131
92956
13310
12988
15032
13320
14567
13317
13363
13314
13312
13652
20385
13614
13013
13152
12813
32145
22756
32558
31460
13351
13298
13540
37053
13467
36253
32192
36110
32553
35934
32559
34258
32201
21883
32205
32214
35833
35940
13302
20685
22041
13383
13517
13817
15846
15900
13131
13505
13049
44633
44635
677
29050
29048
29049
110214
110126
110049
110217
110131
110111
110201
110068
13233
12944
12985
31451
15246
32209
36109
36355
32161
35842
32567
109121
110132
110147
115285
112670
112686
112666
441
115252
115245
115226
114737
112643
112644
112645
112654
110314
110185
110075
110067
110092
110161
110123
110180
110135
109828
110052
110084
109831
110191
110136
110206
110205
110074
115253
115254
115255
115256
110186
110093
110078
110070
110102
110085
110120
110188
110197
110315
110310
110311
110312
109485
2111
118216
109519
109520
109521
109827
110164
110198
112675
112676
112677
112667
112668
112669
102461
98909
98910
98911
98912
110176
110177
110178
110037
110190
110189
110143
110218
110114
2214
2215
2216
2217
4014
115283
115284
115246
115247
102472
102473
110137
110208
110216
110088
110149
110145
110152
110043
110155
110211
110142
110146
110071
110182
110134
110076
110130
110087
110117
110213
110072
110141
114758
110140
109829
110210
110207
110055
110081
110129
110187
110138
110193
110064
110062
110063
110158
110091
122919
123440
123957
123959
123905
123895
123955
123918
123919
123912
123913
124030
123996
123695
124230
122865
123312
124004
123553
125543
125420
125436
126927
126892
128060
128099
128112
128059
128137
128156
129455
129405
129434
129442
129458
129448
129428
129445
129417
129404
129441
129393
129406
129472
129479
129459
130197
130157
130167
130166
126278
126304
126344
126288
126297
127669
127662
127636
126436
126451
126410
126388
126428
126439
119238
119254
119283
119334
128277
128225
128226
128286
139452
139575
139468
139488
28917
29043
29044
128287
128231
128232
128275
134719
75047
75049
114759
114760
134801
134722
134803
167313
167309
123538
123510
125196
125197
125156
125108
125109
125222
125096
125200
125201
123530
123594
123472
123494
125198
125199
125122
125123
125162
125163
125134
125135
125150
125151
125181
125138
125107
125178
125100
125101
125260
125146
125236
124259
124181
124279
124289
124301
124275
124211
124185
124322
124165
122728
124268
124169
124212
124144
124221
124276
124306
125086
125087
125216
125217
125115
125172
125272
125273
125182
125183
125104
125126
125234
125235
125210
125211
125164
125262
125152
125153
125089
125270
125241
125175
125099
125188
125207
125112
125252
123598
123614
123432
122731
125276
125248
125249
125254
125255
125102
125179
125204
125205
125256
125157
125094
125095
125185
125267
125155
125142
124200
124254
124226
124227
124194
125232
125176
125093
125130
125203
125160
125113
125265
125209
123548
123444
123602
123500
123526
123562
125231
125149
125239
125165
125259
125177
125166
125167
125257
125187
125190
125251
125277
125161
125237
125103
125243
125097
125275
125144
125158
125159
125111
125105
125139
125215
125121
125218
125263
125173
125253
125128
124297
125127
125219
123546
123520
123608
125129
125145
125191
125245
125221
123524
124223
124186
125170
123448
123452
124174
124175
122726
124285
124280
125133
102481
8849
9656
9657
9658
112647
112648
9083
45565
142977
110066
110105
13093
14598
14765
13543
15158
13663
13174
14443
14449
14454
13322
13409
12978
12981
35857
13080
109222
109225
124023
123909
123697
124204
124327
127728
127739
127110
127059
127057
127092
127055
127051
127129
127117
127054
127240
127643
127691
126605
135541
126600
123866
123977
123879
126883
127737
127776
127095
128130
128141
128132
126238
126217
126219
129487
129409
130118
130179
130198
130115
130185
130123
130262
130258
130250
127657
127639
127675
127689
127635
127646
126632
126572
126648
127479
127461
127438
126424
126459
126458
126409
126444
109848
109853
29042
29039
29041
77701
29040
83290
34359
34369
34370
33666
68276
29002
28973
28972
29010
9084
9085
82858
82889
82891
82928
40428
36706
36486
36487
77697
77698
36786
83127
83289
83291
83292
38967
39157
38883
43008
42997
118467
84374
84331
84388
84375
84332
84391
84389
84398
84456
84400
84460
84458
123010
123011
126602
12414
40429
153348
153356
153352
131496
31448
126873
126898
126937
131489
126929
131486
126915
126933
126869
126897
126867
107435
107436
107437
107438
107439
107440
107441
157272
13621
45429
87572
93921
88476
91036
87813
87899
89921
89711
90171
88099
89922
87573
88100
93922
91037
90172
88477
87814
87900
89712
3158
3154
92367
91067
91227
88540
91167
91137
45453
45455
45456
44040
44042
43037
44924
45924
45926
45929
43029
44020
44026
45305
45307
45309
45317
45319
45321
45441
45445
45448
110313
127685
127666
127631
127676
127624
127698
127638
127644
127686
127650
127640
127627
127668
127688
127759
127767
127741
127751
127752
127781
84729
84730
84731
84732
84733
84734
84735
84736
75116
98542
98655
98540
98654
98537
98539
98543
98538
102313
102314
102317
102315
108873
108885
110698
115345
110001
115339
109992
109996
110699
115344
110695
115352
109968
115334
109964
109995
109997
115357
109037
108890
102338
102329
102352
108894
102349
102331
102328
102346
102345
109039
102353
102351
109026
108895
40202
40223
40275
40630
40300
40308
40314
40316
14793
14797
14795
14792
29001
28982
29027
28997
28998
84557
84559
84561
84563
84565
84569
87421
84521
127780
123187
122670
122700
122708
127726
127725
127761
128039
130188
130184
130125
130186
130131
130195
130187
130114
130191
130194
130219
130205
130248
130221
130209
130204
130249
130244
128157
128142
128140
126825
126788
126817
126764
135522
127473
127475
126660
135519
123210
123211
123149
122911
122688
123276
123277
123001
122895
123221
122873
123015
123279
123332
123333
122875
123269
127248
127256
127213
127138
127068
54039
54027
54035
54083
54063
54043
54075
54095
54091
53991
54067
54019
54055
54079
53983
54099
54015
54051
89098
89070
88885
89128
88905
88945
88925
89068
89129
89099
89066
88886
88946
88906
88926
126247
126227
126199
126229
126271
123446
13297
12865
124524
124525
13130
112655
112656
112657
126872
126880
126941
126878
126909
38860
39165
39054
89345
88726
88760
88762
126912
126921
127131
127077
127089
126211
126203
126261
127086
127100
127050
126287
126363
126339
127088
127103
124287
124190
124309
124261
124207
126887
131497
130175
130181
130141
130147
130173
130180
130113
130134
130193
130201
135513
135530
126608
126580
135534
126652
126566
126637
135543
135516
126575
126609
87449
75101
75103
75105
45432
75093
75095
102883
102886
126919
9772
126893
84390
84397
84399
84455
84457
12949
13305
12470
22062
13513
89340
89342
89344
119243
84459
84527
84558
84560
84562
84564
84568
87420
122112
122083
107667
107668
107669
107670
122087
163534
122125
163510
163527
163460
163558
163243
163484
163512
31138
14821
